MacThreadClient: Received data from app for frame 0, ue 0 size 704
0 0 5 0 0 0 86 1 0 0 194 191 69 115 116 195 161 32 101 110 99 101 110 100 105 100 111 63 10 45 32 69 115 116 195 161 32 98 105 101 110 46 10 80 117 101 100 111 32 97 116 114 97 118 101 115 97 114 32 112 97 114 101 100 101 115 44 10 112 101 114 111 32 110 111 32 112 117 101 100 111 46 46 46 10 45 32 69 115 116 195 161 32 98 105 101 110 46 10 45 32 78 111 32 112 117 101 100 111 32 101 110 99 101 110 100 101 114 108 111 46 10 83 114 46 32 73 110 99 114 101 195 173 98 108 101 46 46 46 10 194 191 84 105 101 110 101 32 85 68 46 32 117 110 97 32 105 100 101 110 116 105 100 97 100 32 115 101 99 114 101 116 97 63 10 84 111 100 111 115 32 108 111 115 32 115 117 112 101 114 104 195 169 114 111 101 115 32 116 105 101 110 101 110 32 117 110 97 46 10 78 111 32 115 195 169 32 100 101 32 97 108 103 117 110 111 32 113 117 101 32 110 111 32 108 97 32 116 101 110 103 97 46 10 194 191 81 117 105 101 110 32 113 117 105 101 114 101 32 108 97 32 112 114 101 115 105 195 179 110 32 100 101 10 115 101 114 32 115 117 112 101 114 104 195 169 114 111 101 32 116 111 100 111 32 101 108 32 116 105 101 109 112 111 63 10 80 111 114 32 115 117 112 117 101 115 116 111 32 113 117 101 32 116 101 110 103 111 10 117 110 97 32 105 100 101 110 116 105 100 97 100 32 115 101 99 114 101 116 97 46 10 0 0 6 0 0 0 86 1 0 0 194 191 80 117 101 100 101 32 118 101 114 109 101 32 99 111 110 32 101 115 116 111 32 101 110 32 117 110 10 115 117 112 101 114 109 101 114 99 97 100 111 63 32 86 97 109 111 115 46 10 194 191 81 117 105 195 169 110 32 115 97 108 100 114 195 173 97 32 100 101 32 99 111 109 112 114 97 115 32 115 105 101 110 100 111 10 69 108 97 115 116 105 103 105 114 108 63 32 194 191 83 101 32 100 97 32 99 117 101 110 116 97 63 10 76 97 115 32 83 117 112 101 114 100 97 109 97 115 32 115 105 101 109 112 114 101 32 116 114 97 116 97 110 32 100 101 10 100 101 99 105 114 116 101 32 115 117 115 32 105 100 101 110 116 105 100 97 100 101 115 32 115 101 99 114 101 116 97 115 46 10 67 114 101 101 110 32 113 117 101 32 97 115 195 173 32 102 111 114 116 97 108 101 99 101 114 195 161 110 10 108 97 32 114 101 108 97 99 105 195 179 110 44 32 111 32 97 108 103 111 32 112 111 114 32 101 108 32 101 115 116 105 108 111 46 10 76 101 32 100 105 103 111 58 32 34 99 104 105 99 97 44 32 110 111 32 113 117 105 101 114 111 32 115 97 98 101 114 32 110 97 100 97 10 97 99 101 114 99 97 32 100 101 32 116 117 32 114 101 102 105 110 97 100 111 32 97 108 116 101 114 32 101 103 111 34 46 10 69 115 32 100 101 99 105 114 44 32 115 105 32 109 101 32 100 105 99 101 115 32 113 117 
MacThreadClient: created packet frame 0, pkt 0, size 342 radio buff id 0, loc 15775168 dest offset 0
Header Info:
FRAME_ID: 0
SYMBOL_ID: 5
UE_ID: 0
DATLEN: 342
PAYLOAD:
194 191 69 115 116 195 161 32 101 110 99 101 110 100 105 100 111 63 10 45 32 69 115 116 195 161 32 98 105 101 110 46 10 80 117 101 100 111 32 97 116 114 97 118 101 115 97 114 32 112 97 114 101 100 101 115 44 10 112 101 114 111 32 110 111 32 112 117 101 100 111 46 46 46 10 45 32 69 115 116 195 161 32 98 105 101 110 46 10 45 32 78 111 32 112 117 101 100 111 32 101 110 99 101 110 100 101 114 108 111 46 10 83 114 46 32 73 110 99 114 101 195 173 98 108 101 46 46 46 10 194 191 84 105 101 110 101 32 85 68 46 32 117 110 97 32 105 100 101 110 116 105 100 97 100 32 115 101 99 114 101 116 97 63 10 84 111 100 111 115 32 108 111 115 32 115 117 112 101 114 104 195 169 114 111 101 115 32 116 105 101 110 101 110 32 117 110 97 46 10 78 111 32 115 195 169 32 100 101 32 97 108 103 117 110 111 32 113 117 101 32 110 111 32 108 97 32 116 101 110 103 97 46 10 194 191 81 117 105 101 110 32 113 117 105 101 114 101 32 108 97 32 112 114 101 115 105 195 179 110 32 100 101 10 115 101 114 32 115 117 112 101 114 104 195 169 114 111 101 32 116 111 100 111 32 101 108 32 116 105 101 109 112 111 63 10 80 111 114 32 115 117 112 117 101 115 116 111 32 113 117 101 32 116 101 110 103 111 10 117 110 97 32 105 100 101 110 116 105 100 97 100 32 115 101 99 114 101 116 97 46 10 
MacThreadClient: created packet frame 0, pkt 1, size 342 radio buff id 0, loc 15775520 dest offset 352
Header Info:
FRAME_ID: 0
SYMBOL_ID: 6
UE_ID: 0
DATLEN: 342
PAYLOAD:
194 191 80 117 101 100 101 32 118 101 114 109 101 32 99 111 110 32 101 115 116 111 32 101 110 32 117 110 10 115 117 112 101 114 109 101 114 99 97 100 111 63 32 86 97 109 111 115 46 10 194 191 81 117 105 195 169 110 32 115 97 108 100 114 195 173 97 32 100 101 32 99 111 109 112 114 97 115 32 115 105 101 110 100 111 10 69 108 97 115 116 105 103 105 114 108 63 32 194 191 83 101 32 100 97 32 99 117 101 110 116 97 63 10 76 97 115 32 83 117 112 101 114 100 97 109 97 115 32 115 105 101 109 112 114 101 32 116 114 97 116 97 110 32 100 101 10 100 101 99 105 114 116 101 32 115 117 115 32 105 100 101 110 116 105 100 97 100 101 115 32 115 101 99 114 101 116 97 115 46 10 67 114 101 101 110 32 113 117 101 32 97 115 195 173 32 102 111 114 116 97 108 101 99 101 114 195 161 110 10 108 97 32 114 101 108 97 99 105 195 179 110 44 32 111 32 97 108 103 111 32 112 111 114 32 101 108 32 101 115 116 105 108 111 46 10 76 101 32 100 105 103 111 58 32 34 99 104 105 99 97 44 32 110 111 32 113 117 105 101 114 111 32 115 97 98 101 114 32 110 97 100 97 10 97 99 101 114 99 97 32 100 101 32 116 117 32 114 101 102 105 110 97 100 111 32 97 108 116 101 114 32 101 103 111 34 46 10 69 115 32 100 101 99 105 114 44 32 115 105 32 109 101 32 100 105 99 101 115 32 113 117 
MacThreadClient: Received data from app for frame 1, ue 0 size 704
1 0 5 0 0 0 86 1 0 0 101 32 101 114 101 115 32 117 110 97 10 115 195 186 112 101 114 45 109 101 103 97 45 117 108 116 114 97 45 110 101 110 97 45 114 101 108 195 161 109 112 97 103 111 46 46 46 10 46 46 46 101 115 111 32 101 115 116 195 161 32 98 105 101 110 32 99 111 110 109 105 103 111 46 10 83 111 121 32 98 117 101 110 111 46 32 83 111 121 32 98 117 101 110 111 46 10 78 111 32 105 109 112 111 114 116 97 32 99 117 97 110 116 97 115 32 118 101 99 101 115 10 115 97 108 118 101 115 32 101 108 32 109 117 110 100 111 46 46 46 10 46 46 46 115 105 101 109 112 114 101 32 115 101 32 108 97 115 32 105 110 103 101 110 105 97 32 112 97 114 97 10 118 111 108 118 101 114 32 97 32 112 111 110 101 114 115 101 32 101 110 32 112 101 108 105 103 114 111 46 10 65 32 118 101 99 101 115 32 115 195 179 108 111 32 113 117 105 101 114 111 32 113 117 101 32 115 101 10 109 97 110 116 101 110 103 97 32 97 32 115 97 108 118 111 46 10 80 111 114 32 109 111 109 101 110 116 111 115 32 109 101 32 115 105 101 110 116 111 32 99 111 109 111 32 108 97 32 99 114 105 97 100 97 46 10 34 65 99 97 98 111 32 100 101 32 108 105 109 112 105 97 114 32 101 115 116 101 32 100 101 115 111 114 100 101 110 44 46 46 46 10 46 46 46 194 191 112 111 100 101 109 111 115 32 109 97 110 116 101 110 101 1 0 6 0 0 0 86 1 0 0 114 108 111 32 108 105 109 112 105 111 10 112 111 114 32 100 105 101 122 32 109 105 110 117 116 111 115 63 34 10 80 111 100 114 195 173 97 32 118 111 108 118 101 114 32 97 32 101 115 101 32 112 117 110 116 111 46 10 45 32 34 194 191 80 111 114 32 102 97 118 111 114 63 34 10 45 32 78 111 32 104 101 109 111 115 32 116 101 114 109 105 110 97 100 111 46 10 65 32 118 101 99 101 115 32 112 105 101 110 115 111 32 113 117 101 32 109 101 32 103 117 115 116 97 114 195 173 97 10 116 101 110 101 114 32 117 110 97 32 118 105 100 97 32 115 105 109 112 108 101 46 10 82 101 108 97 106 97 114 109 101 32 117 110 32 112 111 99 111 10 121 32 102 111 114 109 97 114 32 117 110 97 32 102 97 109 105 108 105 97 46 10 194 191 69 115 116 97 98 108 101 99 101 114 109 101 63 32 194 191 69 115 116 195 161 32 98 114 111 109 101 97 110 100 111 63 10 194 161 69 115 116 111 121 32 101 110 32 108 97 32 99 105 109 97 32 100 101 32 109 105 32 106 117 101 103 111 33 10 194 161 69 115 116 111 121 32 97 108 108 195 173 32 97 114 114 105 98 97 32 99 111 110 32 108 111 115 32 109 195 161 115 10 103 114 97 110 100 101 115 33 32 86 97 109 111 115 44 32 99 104 105 99 97 115 46 10 194 191 68 101 106 97 114 32 113 117 101 32 108 111 115 32 104 111 109 98 114 101 115 32 115 
MacThreadClient: created packet frame 1, pkt 0, size 342 radio buff id 1, loc 15775872 dest offset 704
Header Info:
FRAME_ID: 1
SYMBOL_ID: 5
UE_ID: 0
DATLEN: 342
PAYLOAD:
101 32 101 114 101 115 32 117 110 97 10 115 195 186 112 101 114 45 109 101 103 97 45 117 108 116 114 97 45 110 101 110 97 45 114 101 108 195 161 109 112 97 103 111 46 46 46 10 46 46 46 101 115 111 32 101 115 116 195 161 32 98 105 101 110 32 99 111 110 109 105 103 111 46 10 83 111 121 32 98 117 101 110 111 46 32 83 111 121 32 98 117 101 110 111 46 10 78 111 32 105 109 112 111 114 116 97 32 99 117 97 110 116 97 115 32 118 101 99 101 115 10 115 97 108 118 101 115 32 101 108 32 109 117 110 100 111 46 46 46 10 46 46 46 115 105 101 109 112 114 101 32 115 101 32 108 97 115 32 105 110 103 101 110 105 97 32 112 97 114 97 10 118 111 108 118 101 114 32 97 32 112 111 110 101 114 115 101 32 101 110 32 112 101 108 105 103 114 111 46 10 65 32 118 101 99 101 115 32 115 195 179 108 111 32 113 117 105 101 114 111 32 113 117 101 32 115 101 10 109 97 110 116 101 110 103 97 32 97 32 115 97 108 118 111 46 10 80 111 114 32 109 111 109 101 110 116 111 115 32 109 101 32 115 105 101 110 116 111 32 99 111 109 111 32 108 97 32 99 114 105 97 100 97 46 10 34 65 99 97 98 111 32 100 101 32 108 105 109 112 105 97 114 32 101 115 116 101 32 100 101 115 111 114 100 101 110 44 46 46 46 10 46 46 46 194 191 112 111 100 101 109 111 115 32 109 97 110 116 101 110 101 
MacThreadClient: created packet frame 1, pkt 1, size 342 radio buff id 1, loc 15776224 dest offset 1056
Header Info:
FRAME_ID: 1
SYMBOL_ID: 6
UE_ID: 0
DATLEN: 342
PAYLOAD:
114 108 111 32 108 105 109 112 105 111 10 112 111 114 32 100 105 101 122 32 109 105 110 117 116 111 115 63 34 10 80 111 100 114 195 173 97 32 118 111 108 118 101 114 32 97 32 101 115 101 32 112 117 110 116 111 46 10 45 32 34 194 191 80 111 114 32 102 97 118 111 114 63 34 10 45 32 78 111 32 104 101 109 111 115 32 116 101 114 109 105 110 97 100 111 46 10 65 32 118 101 99 101 115 32 112 105 101 110 115 111 32 113 117 101 32 109 101 32 103 117 115 116 97 114 195 173 97 10 116 101 110 101 114 32 117 110 97 32 118 105 100 97 32 115 105 109 112 108 101 46 10 82 101 108 97 106 97 114 109 101 32 117 110 32 112 111 99 111 10 121 32 102 111 114 109 97 114 32 117 110 97 32 102 97 109 105 108 105 97 46 10 194 191 69 115 116 97 98 108 101 99 101 114 109 101 63 32 194 191 69 115 116 195 161 32 98 114 111 109 101 97 110 100 111 63 10 194 161 69 115 116 111 121 32 101 110 32 108 97 32 99 105 109 97 32 100 101 32 109 105 32 106 117 101 103 111 33 10 194 161 69 115 116 111 121 32 97 108 108 195 173 32 97 114 114 105 98 97 32 99 111 110 32 108 111 115 32 109 195 161 115 10 103 114 97 110 100 101 115 33 32 86 97 109 111 115 44 32 99 104 105 99 97 115 46 10 194 191 68 101 106 97 114 32 113 117 101 32 108 111 115 32 104 111 109 98 114 101 115 32 115 
MacThreadClient: Received data from app for frame 2, ue 0 size 704
2 0 5 0 0 0 86 1 0 0 97 108 118 101 110 10 101 108 32 109 117 110 100 111 63 32 78 111 32 108 111 32 99 114 101 111 46 10 78 111 32 108 111 32 99 114 101 111 46 10 76 79 83 32 73 78 67 82 69 73 66 76 69 83 10 73 110 116 101 114 114 117 109 112 105 109 111 115 32 112 97 114 97 10 100 97 114 32 101 115 116 97 32 105 110 102 111 114 109 97 99 105 195 179 110 46 10 85 110 97 32 112 101 114 115 101 99 117 99 105 195 179 110 32 101 110 116 114 101 32 108 97 32 112 111 108 105 99 195 173 97 10 121 32 104 111 109 98 114 101 115 32 97 114 109 97 100 111 115 32 101 115 116 195 161 32 101 110 32 112 114 111 103 114 101 115 111 44 46 46 46 10 46 46 46 121 101 110 100 111 32 101 110 32 100 105 114 101 99 99 105 195 179 110 32 110 111 114 116 101 10 115 111 98 114 101 32 108 97 32 65 118 46 32 83 97 110 32 80 97 98 108 111 46 10 65 73 83 76 65 82 32 80 69 82 83 69 67 85 67 73 79 78 10 83 195 173 44 32 116 101 110 103 111 32 116 105 101 109 112 111 46 10 69 77 80 65 76 77 65 82 32 80 69 82 83 69 67 85 67 73 79 78 10 69 77 80 65 76 77 65 82 32 80 69 82 83 69 67 85 67 73 79 78 10 67 79 78 68 85 67 67 73 79 78 32 65 85 84 79 77 65 84 73 67 65 10 77 79 68 79 32 68 69 32 73 78 84 69 82 67 69 2 0 6 0 0 0 86 1 0 0 80 67 73 79 78 10 77 79 68 79 32 68 69 32 73 78 84 69 82 67 69 80 67 73 79 78 10 67 79 78 86 69 82 83 73 79 78 10 77 114 46 32 73 110 99 114 101 195 173 98 108 101 46 10 45 32 194 191 81 117 195 169 32 115 117 99 101 100 101 32 115 101 195 177 111 114 97 63 10 45 32 77 105 32 103 97 116 111 44 32 83 113 117 101 97 107 101 114 44 32 110 111 32 113 117 105 101 114 101 32 98 97 106 97 114 46 10 67 105 101 114 116 97 109 101 110 116 101 46 32 76 101 32 115 117 103 105 101 114 111 32 113 117 101 32 115 101 32 97 108 101 106 101 46 10 80 111 100 114 195 173 97 32 104 97 98 101 114 32 112 114 111 98 108 101 109 97 115 46 10 78 111 44 32 195 169 108 32 101 115 32 109 117 121 32 100 195 179 99 105 108 46 10 83 117 195 169 108 116 97 116 101 32 97 104 111 114 97 46 10 71 114 97 99 105 97 115 44 32 77 114 46 32 73 110 99 114 101 195 173 98 108 101 46 10 76 111 32 104 97 32 108 111 103 114 97 100 111 32 100 101 32 110 117 101 118 111 46 10 45 32 69 115 32 101 108 32 109 101 106 111 114 46 10 45 32 78 111 44 32 115 195 179 108 111 32 101 115 116 111 121 32 97 113 117 195 173 32 112 97 114 97 32 97 121 117 100 97 114 46 10 65 32 116 111 100 97 115 32 108 97 115 32 117 110 105 100 97 100 101 115 46 
MacThreadClient: created packet frame 2, pkt 0, size 342 radio buff id 2, loc 15776576 dest offset 1408
Header Info:
FRAME_ID: 2
SYMBOL_ID: 5
UE_ID: 0
DATLEN: 342
PAYLOAD:
97 108 118 101 110 10 101 108 32 109 117 110 100 111 63 32 78 111 32 108 111 32 99 114 101 111 46 10 78 111 32 108 111 32 99 114 101 111 46 10 76 79 83 32 73 78 67 82 69 73 66 76 69 83 10 73 110 116 101 114 114 117 109 112 105 109 111 115 32 112 97 114 97 10 100 97 114 32 101 115 116 97 32 105 110 102 111 114 109 97 99 105 195 179 110 46 10 85 110 97 32 112 101 114 115 101 99 117 99 105 195 179 110 32 101 110 116 114 101 32 108 97 32 112 111 108 105 99 195 173 97 10 121 32 104 111 109 98 114 101 115 32 97 114 109 97 100 111 115 32 101 115 116 195 161 32 101 110 32 112 114 111 103 114 101 115 111 44 46 46 46 10 46 46 46 121 101 110 100 111 32 101 110 32 100 105 114 101 99 99 105 195 179 110 32 110 111 114 116 101 10 115 111 98 114 101 32 108 97 32 65 118 46 32 83 97 110 32 80 97 98 108 111 46 10 65 73 83 76 65 82 32 80 69 82 83 69 67 85 67 73 79 78 10 83 195 173 44 32 116 101 110 103 111 32 116 105 101 109 112 111 46 10 69 77 80 65 76 77 65 82 32 80 69 82 83 69 67 85 67 73 79 78 10 69 77 80 65 76 77 65 82 32 80 69 82 83 69 67 85 67 73 79 78 10 67 79 78 68 85 67 67 73 79 78 32 65 85 84 79 77 65 84 73 67 65 10 77 79 68 79 32 68 69 32 73 78 84 69 82 67 69 
MacThreadClient: created packet frame 2, pkt 1, size 342 radio buff id 2, loc 15776928 dest offset 1760
Header Info:
FRAME_ID: 2
SYMBOL_ID: 6
UE_ID: 0
DATLEN: 342
PAYLOAD:
80 67 73 79 78 10 77 79 68 79 32 68 69 32 73 78 84 69 82 67 69 80 67 73 79 78 10 67 79 78 86 69 82 83 73 79 78 10 77 114 46 32 73 110 99 114 101 195 173 98 108 101 46 10 45 32 194 191 81 117 195 169 32 115 117 99 101 100 101 32 115 101 195 177 111 114 97 63 10 45 32 77 105 32 103 97 116 111 44 32 83 113 117 101 97 107 101 114 44 32 110 111 32 113 117 105 101 114 101 32 98 97 106 97 114 46 10 67 105 101 114 116 97 109 101 110 116 101 46 32 76 101 32 115 117 103 105 101 114 111 32 113 117 101 32 115 101 32 97 108 101 106 101 46 10 80 111 100 114 195 173 97 32 104 97 98 101 114 32 112 114 111 98 108 101 109 97 115 46 10 78 111 44 32 195 169 108 32 101 115 32 109 117 121 32 100 195 179 99 105 108 46 10 83 117 195 169 108 116 97 116 101 32 97 104 111 114 97 46 10 71 114 97 99 105 97 115 44 32 77 114 46 32 73 110 99 114 101 195 173 98 108 101 46 10 76 111 32 104 97 32 108 111 103 114 97 100 111 32 100 101 32 110 117 101 118 111 46 10 45 32 69 115 32 101 108 32 109 101 106 111 114 46 10 45 32 78 111 44 32 115 195 179 108 111 32 101 115 116 111 121 32 97 113 117 195 173 32 112 97 114 97 32 97 121 117 100 97 114 46 10 65 32 116 111 100 97 115 32 108 97 115 32 117 110 105 100 97 100 101 115 46 
MacThreadClient: Received data from app for frame 3, ue 0 size 704
3 0 5 0 0 0 86 1 0 0 32 84 101 110 101 109 111 115 32 117 110 10 97 115 97 108 116 111 32 97 32 117 110 32 97 117 116 111 98 195 186 115 32 100 101 32 101 120 99 117 114 115 105 195 179 110 46 46 46 10 65 115 97 108 116 111 32 97 32 117 110 32 97 117 116 111 98 195 186 115 32 100 101 32 101 120 99 117 114 115 105 195 179 110 46 10 65 195 186 110 32 116 101 110 103 111 32 116 105 101 109 112 111 46 10 79 102 105 99 105 97 108 101 115 46 32 83 101 195 177 111 114 97 46 32 83 113 117 101 97 107 101 114 46 10 45 32 194 161 71 101 110 105 97 108 33 32 194 161 76 105 115 116 111 115 32 112 97 114 97 32 100 101 115 112 101 103 97 114 33 10 45 32 194 191 81 117 195 169 32 100 101 109 46 46 46 63 10 45 32 194 191 81 117 105 101 110 32 115 101 32 115 117 112 111 110 101 32 113 117 101 32 101 114 101 115 63 10 45 32 83 111 121 32 101 108 32 78 105 195 177 111 32 73 110 99 114 101 195 173 98 108 101 46 10 194 191 81 117 195 169 63 32 78 111 46 10 69 114 101 115 32 101 115 101 32 99 104 105 99 111 32 100 101 108 32 99 108 117 98 10 100 101 32 97 100 109 105 114 97 100 111 114 101 115 46 10 66 114 111 112 104 121 46 32 66 114 111 100 121 46 10 194 161 66 117 100 100 121 33 32 194 161 66 117 100 100 121 33 10 77 101 32 108 108 97 109 111 32 78 105 195 3 0 6 0 0 0 86 1 0 0 177 111 32 73 110 99 114 101 195 173 98 108 101 46 10 72 101 32 115 105 100 111 32 97 109 97 98 108 101 44 32 104 101 32 112 111 115 97 100 111 10 112 97 114 97 32 108 97 115 32 102 111 116 111 115 46 46 46 10 46 46 46 102 105 114 109 195 169 32 99 97 100 97 32 116 114 111 122 111 32 100 101 10 112 97 112 101 108 32 113 117 101 32 112 117 115 105 115 116 101 32 100 101 108 97 110 116 101 32 109 195 173 111 46 46 46 10 78 111 44 32 110 111 32 116 101 32 112 114 101 111 99 117 112 101 115 32 112 111 114 32 101 110 116 114 101 110 97 114 109 101 46 10 67 111 110 111 122 99 111 32 116 117 115 32 109 111 118 105 109 105 101 110 116 111 115 44 46 46 46 10 46 46 46 101 115 116 105 108 111 32 100 101 32 99 111 109 98 97 116 101 32 99 114 105 109 105 110 97 108 44 32 102 114 97 115 101 115 10 102 97 118 111 114 105 116 111 115 32 112 101 103 97 100 105 122 97 115 44 32 194 161 116 111 100 111 33 10 194 161 83 111 121 32 116 117 32 97 100 109 105 114 97 100 111 114 32 110 195 186 109 101 114 111 32 117 110 111 33 10 194 161 79 121 101 33 32 194 161 79 121 101 44 32 101 115 112 101 114 97 33 10 83 97 98 101 115 46 46 46 10 46 46 46 112 117 101 100 101 115 32 100 101 99 105 114 32 109 117 99 104 111 32 97 99 101 114 99 97 32 100 101 
MacThreadClient: created packet frame 3, pkt 0, size 342 radio buff id 3, loc 15777280 dest offset 2112
Header Info:
FRAME_ID: 3
SYMBOL_ID: 5
UE_ID: 0
DATLEN: 342
PAYLOAD:
32 84 101 110 101 109 111 115 32 117 110 10 97 115 97 108 116 111 32 97 32 117 110 32 97 117 116 111 98 195 186 115 32 100 101 32 101 120 99 117 114 115 105 195 179 110 46 46 46 10 65 115 97 108 116 111 32 97 32 117 110 32 97 117 116 111 98 195 186 115 32 100 101 32 101 120 99 117 114 115 105 195 179 110 46 10 65 195 186 110 32 116 101 110 103 111 32 116 105 101 109 112 111 46 10 79 102 105 99 105 97 108 101 115 46 32 83 101 195 177 111 114 97 46 32 83 113 117 101 97 107 101 114 46 10 45 32 194 161 71 101 110 105 97 108 33 32 194 161 76 105 115 116 111 115 32 112 97 114 97 32 100 101 115 112 101 103 97 114 33 10 45 32 194 191 81 117 195 169 32 100 101 109 46 46 46 63 10 45 32 194 191 81 117 105 101 110 32 115 101 32 115 117 112 111 110 101 32 113 117 101 32 101 114 101 115 63 10 45 32 83 111 121 32 101 108 32 78 105 195 177 111 32 73 110 99 114 101 195 173 98 108 101 46 10 194 191 81 117 195 169 63 32 78 111 46 10 69 114 101 115 32 101 115 101 32 99 104 105 99 111 32 100 101 108 32 99 108 117 98 10 100 101 32 97 100 109 105 114 97 100 111 114 101 115 46 10 66 114 111 112 104 121 46 32 66 114 111 100 121 46 10 194 161 66 117 100 100 121 33 32 194 161 66 117 100 100 121 33 10 77 101 32 108 108 97 109 111 32 78 105 195 
MacThreadClient: created packet frame 3, pkt 1, size 342 radio buff id 3, loc 15777632 dest offset 2464
Header Info:
FRAME_ID: 3
SYMBOL_ID: 6
UE_ID: 0
DATLEN: 342
PAYLOAD:
177 111 32 73 110 99 114 101 195 173 98 108 101 46 10 72 101 32 115 105 100 111 32 97 109 97 98 108 101 44 32 104 101 32 112 111 115 97 100 111 10 112 97 114 97 32 108 97 115 32 102 111 116 111 115 46 46 46 10 46 46 46 102 105 114 109 195 169 32 99 97 100 97 32 116 114 111 122 111 32 100 101 10 112 97 112 101 108 32 113 117 101 32 112 117 115 105 115 116 101 32 100 101 108 97 110 116 101 32 109 195 173 111 46 46 46 10 78 111 44 32 110 111 32 116 101 32 112 114 101 111 99 117 112 101 115 32 112 111 114 32 101 110 116 114 101 110 97 114 109 101 46 10 67 111 110 111 122 99 111 32 116 117 115 32 109 111 118 105 109 105 101 110 116 111 115 44 46 46 46 10 46 46 46 101 115 116 105 108 111 32 100 101 32 99 111 109 98 97 116 101 32 99 114 105 109 105 110 97 108 44 32 102 114 97 115 101 115 10 102 97 118 111 114 105 116 111 115 32 112 101 103 97 100 105 122 97 115 44 32 194 161 116 111 100 111 33 10 194 161 83 111 121 32 116 117 32 97 100 109 105 114 97 100 111 114 32 110 195 186 109 101 114 111 32 117 110 111 33 10 194 161 79 121 101 33 32 194 161 79 121 101 44 32 101 115 112 101 114 97 33 10 83 97 98 101 115 46 46 46 10 46 46 46 112 117 101 100 101 115 32 100 101 99 105 114 32 109 117 99 104 111 32 97 99 101 114 99 97 32 100 101 
MacThreadClient: Received data from app for frame 4, ue 0 size 704
4 0 5 0 0 0 86 1 0 0 32 117 110 97 10 109 117 106 101 114 32 112 111 114 32 101 108 32 99 111 110 116 101 110 105 100 111 32 100 101 32 115 117 32 98 111 108 115 111 44 46 46 46 10 46 46 46 112 101 114 111 32 113 117 105 122 195 161 115 32 110 111 32 115 101 97 32 101 115 111 10 108 111 32 113 117 101 32 116 105 101 110 101 115 32 101 110 32 109 101 110 116 101 46 10 79 121 101 44 32 109 105 114 97 46 46 46 10 69 108 97 115 116 105 103 105 114 108 46 10 77 114 46 32 73 110 99 114 101 195 173 98 108 101 46 10 45 32 69 115 116 195 161 32 98 105 101 110 46 32 76 111 32 116 101 110 103 111 46 10 45 32 83 101 103 117 114 111 44 32 108 111 32 116 105 101 110 101 115 46 10 45 32 84 101 32 108 111 32 97 99 97 98 111 32 100 101 32 100 101 106 97 114 32 112 97 114 97 32 116 105 46 10 45 32 83 101 103 117 114 111 44 32 108 111 32 104 105 99 105 115 116 101 46 10 45 32 69 115 116 97 98 97 32 100 105 115 116 114 97 195 173 100 111 32 99 111 110 109 105 103 111 46 10 45 32 65 108 103 111 32 113 117 101 32 117 115 195 169 32 112 97 114 97 32 104 97 99 101 114 32 109 105 32 116 114 97 98 97 106 111 46 10 45 32 81 117 101 114 114 195 161 115 32 100 101 99 105 114 32 109 195 173 32 116 114 97 98 97 106 111 46 10 45 32 85 110 32 115 105 109 112 4 0 6 0 0 0 86 1 0 0 108 101 32 103 114 97 99 105 97 115 32 115 101 114 195 173 97 32 115 117 102 105 99 105 101 110 116 101 46 10 71 114 97 99 105 97 115 44 32 112 101 114 111 32 110 111 32 110 101 99 101 115 105 116 111 32 97 121 117 100 97 46 10 194 191 81 117 195 169 32 112 97 115 195 179 32 99 111 110 32 97 113 117 101 108 108 111 32 100 101 10 34 108 97 115 32 100 97 109 97 115 32 112 114 105 109 101 114 111 34 63 10 66 105 101 110 44 32 194 191 113 117 195 169 32 112 97 115 195 179 32 99 111 110 32 97 113 117 101 108 108 111 10 100 101 108 32 116 114 97 116 111 32 105 103 117 97 108 105 116 97 114 105 111 63 10 77 105 114 101 44 32 108 97 32 100 97 109 97 32 109 101 32 116 111 109 195 179 32 112 114 105 109 101 114 111 46 10 45 32 66 117 101 110 111 44 32 112 111 100 114 195 173 97 109 111 115 32 99 111 109 112 97 114 116 105 114 108 111 46 10 45 32 84 114 97 98 97 106 111 32 115 111 108 111 46 10 66 117 101 110 111 44 32 112 105 101 110 115 111 32 113 117 101 32 100 101 98 101 114 195 173 97 115 10 115 101 114 32 109 97 115 46 46 46 10 46 46 46 102 108 101 120 105 98 108 101 46 10 194 191 72 97 114 195 161 115 32 97 108 103 111 32 109 97 115 32 116 97 114 100 101 63 10 89 97 32 116 101 110 103 111 32 117 110 32 99 111 109 112 114 111 
MacThreadClient: created packet frame 4, pkt 0, size 342 radio buff id 4, loc 15777984 dest offset 2816
Header Info:
FRAME_ID: 4
SYMBOL_ID: 5
UE_ID: 0
DATLEN: 342
PAYLOAD:
32 117 110 97 10 109 117 106 101 114 32 112 111 114 32 101 108 32 99 111 110 116 101 110 105 100 111 32 100 101 32 115 117 32 98 111 108 115 111 44 46 46 46 10 46 46 46 112 101 114 111 32 113 117 105 122 195 161 115 32 110 111 32 115 101 97 32 101 115 111 10 108 111 32 113 117 101 32 116 105 101 110 101 115 32 101 110 32 109 101 110 116 101 46 10 79 121 101 44 32 109 105 114 97 46 46 46 10 69 108 97 115 116 105 103 105 114 108 46 10 77 114 46 32 73 110 99 114 101 195 173 98 108 101 46 10 45 32 69 115 116 195 161 32 98 105 101 110 46 32 76 111 32 116 101 110 103 111 46 10 45 32 83 101 103 117 114 111 44 32 108 111 32 116 105 101 110 101 115 46 10 45 32 84 101 32 108 111 32 97 99 97 98 111 32 100 101 32 100 101 106 97 114 32 112 97 114 97 32 116 105 46 10 45 32 83 101 103 117 114 111 44 32 108 111 32 104 105 99 105 115 116 101 46 10 45 32 69 115 116 97 98 97 32 100 105 115 116 114 97 195 173 100 111 32 99 111 110 109 105 103 111 46 10 45 32 65 108 103 111 32 113 117 101 32 117 115 195 169 32 112 97 114 97 32 104 97 99 101 114 32 109 105 32 116 114 97 98 97 106 111 46 10 45 32 81 117 101 114 114 195 161 115 32 100 101 99 105 114 32 109 195 173 32 116 114 97 98 97 106 111 46 10 45 32 85 110 32 115 105 109 112 
MacThreadClient: created packet frame 4, pkt 1, size 342 radio buff id 4, loc 15778336 dest offset 3168
Header Info:
FRAME_ID: 4
SYMBOL_ID: 6
UE_ID: 0
DATLEN: 342
PAYLOAD:
108 101 32 103 114 97 99 105 97 115 32 115 101 114 195 173 97 32 115 117 102 105 99 105 101 110 116 101 46 10 71 114 97 99 105 97 115 44 32 112 101 114 111 32 110 111 32 110 101 99 101 115 105 116 111 32 97 121 117 100 97 46 10 194 191 81 117 195 169 32 112 97 115 195 179 32 99 111 110 32 97 113 117 101 108 108 111 32 100 101 10 34 108 97 115 32 100 97 109 97 115 32 112 114 105 109 101 114 111 34 63 10 66 105 101 110 44 32 194 191 113 117 195 169 32 112 97 115 195 179 32 99 111 110 32 97 113 117 101 108 108 111 10 100 101 108 32 116 114 97 116 111 32 105 103 117 97 108 105 116 97 114 105 111 63 10 77 105 114 101 44 32 108 97 32 100 97 109 97 32 109 101 32 116 111 109 195 179 32 112 114 105 109 101 114 111 46 10 45 32 66 117 101 110 111 44 32 112 111 100 114 195 173 97 109 111 115 32 99 111 109 112 97 114 116 105 114 108 111 46 10 45 32 84 114 97 98 97 106 111 32 115 111 108 111 46 10 66 117 101 110 111 44 32 112 105 101 110 115 111 32 113 117 101 32 100 101 98 101 114 195 173 97 115 10 115 101 114 32 109 97 115 46 46 46 10 46 46 46 102 108 101 120 105 98 108 101 46 10 194 191 72 97 114 195 161 115 32 97 108 103 111 32 109 97 115 32 116 97 114 100 101 63 10 89 97 32 116 101 110 103 111 32 117 110 32 99 111 109 112 114 111 
